CREATURE Record Length: 156 Record Count: 100

Record #0 @000000
@69D80 00 00 09 00 DC DD 01 00 E0 01 03 04 08 01 00 00   ................
@69D90 0B 00 00 E9 CD 01 00 00 00 00 DC CC 01 09 00 00   ................
@69DA0 00 00 62 CD 01 01 5C E1 01 00 00 00 00 00 01 00   ..b...\.........
@69DB0 04 00 00 22 28 00 48 37 90 00 1C 00 6B E0 01 82   ..."(.H7....k...
@69DC0 E3 01 00 00 00 70 CB 01 00 00 00 BA E0 01 87 E5   .....p..........
@69DD0 01 00 00 00 00 00 00 00 00 00 00 00 00 00 00 00   ................
@69DE0 00 00 00 00 00 00 00 00 00 00 00 00 00 00 00 00   ................
@69DF0 00 00 00 00 00 8B E4 01 00 00 00 00 00 00 F8 D9   ................
@69E00 01 59 E0 01 A9 E5 01 82 E3 01 CD CA 01 00 00 00   .Y..............
@69E10 08 00 62 C6 01 A9 E5 01 00 00 00 01               ..b.........    

Record #1 @00009C
@69E1C 00 00 00 00 DC DD 01 00 E0 01 03 04 08 01 00 00   ................
@69E2C 0B 00 00 E9 CD 01 00 00 00 00 DC CC 01 09 00 00   ................
@69E3C 00 00 62 CD 01 01 5C E1 01 00 00 00 00 00 00 00   ..b...\.........
@69E4C 04 00 00 2B 2D 00 55 5D 60 00 09 00 CF E0 01 4D   ...+-.U]`......M
@69E5C E4 01 00 00 00 00 00 00 00 00 00 08 E1 01 76 E5   ..............v.
@69E6C 01 00 00 00 00 00 00 00 00 00 00 00 00 00 00 00   ................
@69E7C 00 00 00 00 00 00 00 00 00 00 00 00 00 00 00 00   ................
@69E8C 00 00 00 00 00 82 E3 01 F2 CA 01 00 00 00 2C D9   ..............,.
@69E9C 01 37 E0 01 99 E5 01 AF E4 01 00 00 00 00 00 00   .7..............
@69EAC 08 00 62 C6 01 A9 E5 01 00 00 00 01               ..b.........    

Record #2 @000138
@69EB8 00 00 00 00 DC DD 01 00 E0 01 02 04 04 14 00 00   ................
@69EC8 15 00 00 BA D2 01 9B CC 01 01 2A DE 01 00 00 00   ..........*.....
@69ED8 00 00 62 CD 01 09 5C E1 01 00 00 00 02 00 02 00   ..b...\.........
@69EE8 00 00 00 00 00 00 00 00 00 00 00 00 00 00 00 00   ................
@69EF8 00 00 00 00 00 00 00 00 00 00 00 00 00 00 00 00   ................
@69F08 00 00 00 00 00 00 00 00 00 00 00 00 00 00 00 00   ................
@69F18 00 00 00 00 00 00 00 00 00 00 00 00 00 00 00 00   ................
@69F28 00 00 00 00 00 00 00 00 00 00 00 00 00 00 00 00   ................
@69F38 00 00 00 00 00 00 00 00 00 00 00 00 00 00 00 00   ................
@69F48 00 00 00 00 00 00 00 00 00 00 00 00               ............    

Record #3 @0001D4
@69F54 00 00 00 00 DC DD 01 00 E0 01 02 06 08 0B 00 00   ................
@69F64 0C 00 00 AA D0 01 86 CC 01 01 07 CD 01 03 00 00   ................
@69F74 00 00 4C CD 01 08 1D E1 01 00 00 00 03 00 03 00   ..L.............
@69F84 00 00 00 00 00 00 00 00 00 00 00 00 00 00 00 00   ................
@69F94 00 00 00 00 00 00 00 00 00 00 00 00 00 00 00 00   ................
@69FA4 00 00 00 00 00 00 00 00 00 00 00 00 00 00 00 00   ................
@69FB4 00 00 00 00 00 00 00 00 00 00 00 00 00 00 00 00   ................
@69FC4 00 00 00 00 00 00 00 00 00 00 00 00 00 00 00 00   ................
@69FD4 00 00 00 00 00 00 00 00 00 00 00 00 00 00 00 00   ................
@69FE4 00 00 00 00 00 00 00 00 00 00 00 00               ............    

Record #4 @000280
@6A000 00 00 00 00 DC DD 01 00 E0 01 02 06 0C 11 00 00   ................
@6A010 19 00 00 AA D0 01 86 CC 01 01 3F DE 01 00 00 00   ..........?.....
@6A020 00 00 62 CD 01 06 5C E1 01 00 00 00 04 00 04 00   ..b...\.........
@6A030 00 00 00 00 00 00 00 00 00 00 00 00 00 00 00 00   ................
@6A040 00 00 00 00 00 00 00 00 00 00 00 00 00 00 00 00   ................
@6A050 00 00 00 00 00 00 00 00 00 00 00 00 00 00 00 00   ................
@6A060 00 00 00 00 00 00 00 00 00 00 00 00 00 00 00 00   ................
@6A070 00 00 00 00 00 00 00 00 00 00 00 00 00 00 00 00   ................
@6A080 00 00 00 00 00 00 00 00 00 00 00 00 00 00 00 00   ................
@6A090 00 00 00 00 00 00 00 00 00 00 00 00               ............    

Record #5 @00031C
@6A09C 00 00 00 00 DC DD 01 00 E0 01 02 04 04 04 00 00   ................
@6A0AC 0D 00 00 AA D0 01 39 CD 01 01 6B DF 01 01 00 00   ......9...k.....
@6A0BC 00 00 17 CD 01 06 C0 E1 01 00 00 00 05 00 05 00   ................
@6A0CC 00 00 00 00 00 00 00 00 00 00 00 00 00 00 00 00   ................
@6A0DC 00 00 00 00 00 00 00 00 00 00 00 00 00 00 00 00   ................
@6A0EC 00 00 00 00 00 00 00 00 00 00 00 00 00 00 00 00   ................
@6A0FC 00 00 00 00 00 00 00 00 00 00 00 00 00 00 00 00   ................
@6A10C 00 00 00 00 00 00 00 00 00 00 00 00 00 00 00 00   ................
@6A11C 00 00 00 00 00 00 00 00 00 00 00 00 00 00 00 00   ................
@6A12C 00 00 00 00 00 00 00 00 00 00 00 00               ............    

Record #6 @0003B8
@6A138 00 00 00 00 DC DD 01 00 E0 01 02 03 0C 17 00 00   ................
@6A148 19 00 00 E9 CD 01 98 CB 01 01 38 CC 01 03 00 00   ..........8.....
@6A158 00 00 62 CD 01 02 5C E1 01 00 00 00 06 00 06 00   ..b...\.........
@6A168 00 00 00 00 00 00 00 00 00 00 00 00 00 00 00 00   ................
@6A178 00 00 00 00 00 00 00 00 00 00 00 00 00 00 00 00   ................
@6A188 00 00 00 00 00 00 00 00 00 00 00 00 00 00 00 00   ................
@6A198 00 00 00 00 00 00 00 00 00 00 00 00 00 00 00 00   ................
@6A1A8 00 00 00 00 00 00 00 00 00 00 00 00 00 00 00 00   ................
@6A1B8 00 00 00 00 00 00 00 00 00 00 00 00 00 00 00 00   ................
@6A1C8 00 00 00 00 00 00 00 00 00 00 00 00               ............    

Record #7 @000454
@6A1D4 00 00 00 00 DC DD 01 00 E0 01 02 02 04 03 00 00   ................
@6A1E4 0F 00 00 BA D2 01 64 DE 01 FF 07 CD 01 05 00 00   ......d.........
@6A1F4 00 00 62 CD 01 02 5C E1 01 00 00 00 07 00 07 00   ..b...\.........
@6A204 00 00 00 00 00 00 00 00 00 00 00 00 00 00 00 00   ................
@6A214 00 00 00 00 00 00 00 00 00 00 00 00 00 00 00 00   ................
@6A224 00 00 00 00 00 00 00 00 00 00 00 00 00 00 00 00   ................
@6A234 00 00 00 00 00 00 00 00 00 00 00 00 00 00 00 00   ................
@6A244 00 00 00 00 00 00 00 00 00 00 00 00 00 00 00 00   ................
@6A254 00 00 00 00 00 00 00 00 00 00 00 00 00 00 00 00   ................
@6A264 00 00 00 00 00 00 00 00 00 00 00 00               ............    

Record #8 @0004F0
@6A270 00 00 00 00 DC DD 01 00 E0 01 02 02 08 17 00 00   ................
@6A280 19 00 00 14 D0 01 9B CC 01 01 48 DF 01 01 00 00   ..........H.....
@6A290 00 00 62 CD 01 02 5C E1 01 00 00 00 08 00 08 00   ..b...\.........
@6A2A0 00 00 00 00 00 00 00 00 00 00 00 00 00 00 00 00   ................
@6A2B0 00 00 00 00 00 00 00 00 00 00 00 00 00 00 00 00   ................
@6A2C0 00 00 00 00 00 00 00 00 00 00 00 00 00 00 00 00   ................
@6A2D0 00 00 00 00 00 00 00 00 00 00 00 00 00 00 00 00   ................
@6A2E0 00 00 00 00 00 00 00 00 00 00 00 00 00 00 00 00   ................
@6A2F0 00 00 00 00 00 00 00 00 00 00 00 00 00 00 00 00   ................
@6A300 00 00 00 00 00 00 00 00 00 00 00 00               ............    

Record #9 @00058C
@6A30C 00 00 00 00 DC DD 01 00 E0 01 02 06 08 19 00 00   ................
@6A31C 19 00 00 BA D2 01 64 DE 01 FF 48 DF 01 01 00 00   ......d...H.....
@6A32C 00 00 00 00 00 00 85 E1 01 00 00 00 09 00 09 00   ................
@6A33C 00 00 00 00 00 00 00 00 00 00 00 00 00 00 00 00   ................
@6A34C 00 00 00 00 00 00 00 00 00 00 00 00 00 00 00 00   ................
@6A35C 00 00 00 00 00 00 00 00 00 00 00 00 00 00 00 00   ................
@6A36C 00 00 00 00 00 00 00 00 00 00 00 00 00 00 00 00   ................
@6A37C 00 00 00 00 00 00 00 00 00 00 00 00 00 00 00 00   ................
@6A38C 00 00 00 00 00 00 00 00 00 00 00 00 00 00 00 00   ................
@6A39C 00 00 00 00 00 00 00 00 00 00 00 00               ............    

Record #10 @000680
@6A400 0A 00 16 00 87 DD 01 55 DD 01 03 04 0A 13 00 00   .......U........
@6A410 16 00 00 38 D0 01 6F CC 01 01 C4 DE 01 00 00 00   ...8..o.........
@6A420 00 00 00 00 00 00 5C E1 01 00 00 00 0A 00 0B 00   ......\.........
@6A430 04 00 00 2F 27 00 3A 5A F6 00 12 00 08 E1 01 27   .../'.:Z.......'
@6A440 E4 01 CD CA 01 00 00 00 C7 D5 01 37 E0 01 87 E5   ...........7....
@6A450 01 00 E4 01 F2 CA 01 00 00 00 00 00 00 59 E0 01   .............Y..
@6A460 76 E5 01 00 00 00 00 00 00 00 00 00 00 00 00 00   v...............
@6A470 00 00 00 00 00 00 00 00 00 00 00 00 00 00 00 00   ................
@6A480 00 00 00 00 00 00 00 00 E4 01 F2 CA 01 00 00 00   ................
@6A490 0F 00 04 C7 01 A9 E5 01 00 00 00 01               ............    

Record #11 @00071C
@6A49C 00 00 00 00 87 DD 01 55 DD 01 03 04 0A 13 00 00   .......U........
@6A4AC 16 00 00 38 D0 01 6F CC 01 01 C4 DE 01 00 00 00   ...8..o.........
@6A4BC 00 00 00 00 00 00 5C E1 01 00 00 00 00 00 00 00   ......\.........
@6A4CC 04 00 00 28 31 00 3A 59 A3 01 34 00 A6 E0 01 27   ...(1.:Y..4....'
@6A4DC E4 01 F2 CA 01 00 00 00 01 D3 01 48 E0 01 A9 E5   ...........H....
@6A4EC 01 12 E5 01 00 00 00 00 00 00 00 00 00 59 E0 01   .............Y..
@6A4FC 76 E5 01 00 00 00 00 00 00 00 00 00 00 00 00 00   v...............
@6A50C 00 00 00 00 00 00 00 00 00 00 00 00 00 00 00 00   ................
@6A51C 00 00 00 00 00 00 00 3A E4 01 00 00 00 00 00 00   .......:........
@6A52C 0F 00 1F C6 01 A9 E5 01 00 00 00 01               ............    

Record #12 @0007B8
@6A538 00 00 00 00 87 DD 01 55 DD 01 03 03 0A 14 00 00   .......U........
@6A548 15 00 00 38 D0 01 00 00 00 00 C4 DE 01 00 00 00   ...8............
@6A558 00 00 00 00 00 00 38 E2 01 00 00 00 0C 00 0D 00   ......8.........
@6A568 00 00 00 26 24 00 33 49 51 00 06 00 F4 E0 01 12   ...&$.3IQ.......
@6A578 E5 01 00 00 00 00 00 00 1B D6 01 48 E0 01 76 E5   ...........H..v.
@6A588 01 00 00 00 00 00 00 00 00 00 00 00 00 00 00 00   ................
@6A598 00 00 00 00 00 00 00 00 00 00 00 00 00 00 00 00   ................
@6A5A8 00 00 00 00 00 00 00 00 00 00 00 00 00 00 00 00   ................
@6A5B8 00 00 00 00 00 00 00 27 E4 01 CD CA 01 00 00 00   .......'........
@6A5C8 0F 00 1F C6 01 99 E5 01 00 00 00 01               ............    

Record #13 @000854
@6A5D4 00 00 00 00 87 DD 01 55 DD 01 03 03 0A 14 00 00   .......U........
@6A5E4 15 00 00 38 D0 01 00 00 00 00 C4 DE 01 00 00 00   ...8............
@6A5F4 00 00 00 00 00 00 38 E2 01 00 00 00 00 00 00 00   ......8.........
@6A604 00 00 00 28 29 00 56 48 9F 00 13 00 A6 E0 01 12   ...().VH........
@6A614 E5 01 00 00 00 00 00 00 B4 D5 01 6B E0 01 87 E5   ...........k....
@6A624 01 00 00 00 00 00 00 00 00 00 00 00 00 00 00 00   ................
@6A634 00 00 00 00 00 00 00 00 00 00 00 00 00 00 00 00   ................
@6A644 00 00 00 00 00 00 00 00 00 00 00 00 00 00 00 00   ................
@6A654 00 00 00 00 00 00 00 27 E4 01 00 00 00 2C CB 01   .......'.....,..
@6A664 0F 00 04 C7 01 99 E5 01 00 00 00 01               ............    

Record #14 @0008F0
@6A670 00 00 00 00 87 DD 01 55 DD 01 02 06 0A 11 00 00   .......U........
@6A680 16 00 00 59 CE 01 86 CC 01 01 E9 DE 01 00 00 00   ...Y............
@6A690 00 00 00 00 00 00 5C E1 01 00 00 00 0E 00 0E 00   ......\.........
@6A6A0 00 00 00 00 00 00 00 00 00 00 00 00 00 00 00 00   ................
@6A6B0 00 00 00 00 00 00 00 00 00 00 00 00 00 00 00 00   ................
@6A6C0 00 00 00 00 00 00 00 00 00 00 00 00 00 00 00 00   ................
@6A6D0 00 00 00 00 00 00 00 00 00 00 00 00 00 00 00 00   ................
@6A6E0 00 00 00 00 00 00 00 00 00 00 00 00 00 00 00 00   ................
@6A6F0 00 00 00 00 00 00 00 00 00 00 00 00 00 00 00 00   ................
@6A700 00 00 00 00 00 00 00 00 00 00 00 00               ............    

Record #15 @00098C
@6A70C 00 00 00 00 87 DD 01 55 DD 01 02 04 02 0E 00 00   .......U........
@6A71C 0E 00 00 6B CE 01 05 DE 01 FF C4 DE 01 00 00 00   ...k............
@6A72C 00 00 00 00 00 00 38 E2 01 00 00 00 0F 00 0F 00   ......8.........
@6A73C 00 00 00 00 00 00 00 00 00 00 00 00 00 00 00 00   ................
@6A74C 00 00 00 00 00 00 00 00 00 00 00 00 00 00 00 00   ................
@6A75C 00 00 00 00 00 00 00 00 00 00 00 00 00 00 00 00   ................
@6A76C 00 00 00 00 00 00 00 00 00 00 00 00 00 00 00 00   ................
@6A77C 00 00 00 00 00 00 00 00 00 00 00 00 00 00 00 00   ................
@6A78C 00 00 00 00 00 00 00 00 00 00 00 00 00 00 00 00   ................
@6A79C 00 00 00 00 00 00 00 00 00 00 00 00               ............    

Record #16 @000A80
@6A800 00 00 00 00 87 DD 01 55 DD 01 04 06 02 13 00 00   .......U........
@6A810 16 00 00 38 D0 01 00 00 00 00 C4 DE 01 00 00 00   ...8............
@6A820 00 00 00 00 00 00 38 E2 01 00 00 00 10 00 16 00   ......8.........
@6A830 00 00 00 00 00 00 00 00 00 00 00 00 00 00 00 00   ................
@6A840 00 00 00 00 00 00 00 00 00 00 00 00 00 00 00 00   ................
@6A850 00 00 00 00 00 00 00 00 00 00 00 00 00 00 00 00   ................
@6A860 00 00 00 00 00 00 00 00 00 00 00 00 00 00 00 00   ................
@6A870 00 00 00 00 00 00 00 00 00 00 00 00 00 00 00 00   ................
@6A880 00 00 00 00 00 00 00 00 00 00 00 00 00 00 00 00   ................
@6A890 00 00 00 00 00 00 00 00 00 00 00 00               ............    

Record #17 @000B1C
@6A89C 00 00 00 00 87 DD 01 55 DD 01 04 00 02 00 00 00   .......U........
@6A8AC 00 00 00 00 00 00 00 00 00 00 00 00 00 00 00 00   ................
@6A8BC 00 00 00 00 00 00 00 00 00 00 00 00 00 00 00 00   ................
@6A8CC 00 00 00 00 00 00 00 00 00 00 00 00 00 00 00 00   ................
@6A8DC 00 00 00 00 00 00 00 00 00 00 00 00 00 00 00 00   ................
@6A8EC 00 00 00 00 00 00 00 00 00 00 00 00 00 00 00 00   ................
@6A8FC 00 00 00 00 00 00 00 00 00 00 00 00 00 00 00 00   ................
@6A90C 00 00 00 00 00 00 00 00 00 00 00 00 00 00 00 00   ................
@6A91C 00 00 00 00 00 00 00 00 00 00 00 00 00 00 00 00   ................
@6A92C 00 00 00 00 00 00 00 00 00 00 00 00               ............    

Record #18 @000BB8
@6A938 00 00 00 00 87 DD 01 55 DD 01 04 00 02 00 00 00   .......U........
@6A948 00 00 00 00 00 00 00 00 00 00 00 00 00 00 00 00   ................
@6A958 00 00 00 00 00 00 00 00 00 00 00 00 00 00 00 00   ................
@6A968 00 00 00 00 00 00 00 00 00 00 00 00 00 00 00 00   ................
@6A978 00 00 00 00 00 00 00 00 00 00 00 00 00 00 00 00   ................
@6A988 00 00 00 00 00 00 00 00 00 00 00 00 00 00 00 00   ................
@6A998 00 00 00 00 00 00 00 00 00 00 00 00 00 00 00 00   ................
@6A9A8 00 00 00 00 00 00 00 00 00 00 00 00 00 00 00 00   ................
@6A9B8 00 00 00 00 00 00 00 00 00 00 00 00 00 00 00 00   ................
@6A9C8 00 00 00 00 00 00 00 00 00 00 00 00               ............    

Record #19 @000C54
@6A9D4 00 00 00 00 87 DD 01 55 DD 01 04 00 02 00 00 00   .......U........
@6A9E4 00 00 00 00 00 00 00 00 00 00 00 00 00 00 00 00   ................
@6A9F4 00 00 00 00 00 00 00 00 00 00 00 00 00 00 00 00   ................
@6AA04 00 00 00 00 00 00 00 00 00 00 00 00 00 00 00 00   ................
@6AA14 00 00 00 00 00 00 00 00 00 00 00 00 00 00 00 00   ................
@6AA24 00 00 00 00 00 00 00 00 00 00 00 00 00 00 00 00   ................
@6AA34 00 00 00 00 00 00 00 00 00 00 00 00 00 00 00 00   ................
@6AA44 00 00 00 00 00 00 00 00 00 00 00 00 00 00 00 00   ................
@6AA54 00 00 00 00 00 00 00 00 00 00 00 00 00 00 00 00   ................
@6AA64 00 00 00 00 00 00 00 00 00 00 00 00               ............    

Record #20 @000CF0
@6AA70 00 00 00 00 87 DD 01 55 DD 01 04 00 02 00 00 00   .......U........
@6AA80 00 00 00 00 00 00 00 00 00 00 00 00 00 00 00 00   ................
@6AA90 00 00 00 00 00 00 00 00 00 00 00 00 00 00 00 00   ................
@6AAA0 00 00 00 00 00 00 00 00 00 00 00 00 00 00 00 00   ................
@6AAB0 00 00 00 00 00 00 00 00 00 00 00 00 00 00 00 00   ................
@6AAC0 00 00 00 00 00 00 00 00 00 00 00 00 00 00 00 00   ................
@6AAD0 00 00 00 00 00 00 00 00 00 00 00 00 00 00 00 00   ................
@6AAE0 00 00 00 00 00 00 00 00 00 00 00 00 00 00 00 00   ................
@6AAF0 00 00 00 00 00 00 00 00 00 00 00 00 00 00 00 00   ................
@6AB00 00 00 00 00 00 00 00 00 00 00 00 00               ............    

Record #21 @000D8C
@6AB0C 00 00 00 00 87 DD 01 55 DD 01 04 00 02 00 00 00   .......U........
@6AB1C 00 00 00 00 00 00 00 00 00 00 00 00 00 00 00 00   ................
@6AB2C 00 00 00 00 00 00 00 00 00 00 00 00 00 00 00 00   ................
@6AB3C 00 00 00 00 00 00 00 00 00 00 00 00 00 00 00 00   ................
@6AB4C 00 00 00 00 00 00 00 00 00 00 00 00 00 00 00 00   ................
@6AB5C 00 00 00 00 00 00 00 00 00 00 00 00 00 00 00 00   ................
@6AB6C 00 00 00 00 00 00 00 00 00 00 00 00 00 00 00 00   ................
@6AB7C 00 00 00 00 00 00 00 00 00 00 00 00 00 00 00 00   ................
@6AB8C 00 00 00 00 00 00 00 00 00 00 00 00 00 00 00 00   ................
@6AB9C 00 00 00 00 00 00 00 00 00 00 00 00               ............    

Record #22 @000E80
@6AC00 00 00 00 00 87 DD 01 55 DD 01 04 00 02 00 00 00   .......U........
@6AC10 00 00 00 00 00 00 00 00 00 00 00 00 00 00 00 00   ................
@6AC20 00 00 00 00 00 00 00 00 00 00 00 00 00 00 00 00   ................
@6AC30 00 00 00 00 00 00 00 00 00 00 00 00 00 00 00 00   ................
@6AC40 00 00 00 00 00 00 00 00 00 00 00 00 00 00 00 00   ................
@6AC50 00 00 00 00 00 00 00 00 00 00 00 00 00 00 00 00   ................
@6AC60 00 00 00 00 00 00 00 00 00 00 00 00 00 00 00 00   ................
@6AC70 00 00 00 00 00 00 00 00 00 00 00 00 00 00 00 00   ................
@6AC80 00 00 00 00 00 00 00 00 00 00 00 00 00 00 00 00   ................
@6AC90 00 00 00 00 00 00 00 00 00 00 00 00               ............    

Record #23 @000F1C
@6AC9C 17 00 29 00 DC DD 01 55 DD 01 03 03 0A 10 00 00   ..)....U........
@6ACAC 16 00 00 38 D0 01 05 DE 01 FF 8B DE 01 00 00 00   ...8............
@6ACBC 00 00 00 00 00 00 38 E2 01 00 00 00 17 00 18 00   ......8.........
@6ACCC 00 00 00 25 22 00 4D 40 6D 00 12 00 7D E0 01 3A   ...%".M@m...}..:
@6ACDC E4 01 00 00 00 04 CB 01 28 D8 01 BA E0 01 76 E5   ........(.....v.
@6ACEC 01 E5 E4 01 00 00 00 00 00 00 00 00 00 7D E0 01   .............}..
@6ACFC 76 E5 01 00 00 00 00 00 00 00 00 00 00 00 00 00   v...............
@6AD0C 00 00 00 00 00 00 00 00 00 00 00 00 00 00 00 00   ................
@6AD1C 00 00 00 00 00 00 00 FC E4 01 00 00 00 00 00 00   ................
@6AD2C 04 00 04 C7 01 99 E5 01 00 00 00 01               ............    

Record #24 @000FB8
@6AD38 00 00 00 00 DC DD 01 55 DD 01 03 03 0A 10 00 00   .......U........
@6AD48 16 00 00 38 D0 01 05 DE 01 FF 8B DE 01 00 00 00   ...8............
@6AD58 00 00 00 00 00 00 38 E2 01 00 00 00 00 00 00 00   ......8.........
@6AD68 00 00 00 24 1F 00 54 41 D9 00 15 00 CF E0 01 00   ...$..TA........
@6AD78 E4 01 00 00 00 70 CB 01 90 D6 01 59 E0 01 87 E5   .....p.....Y....
@6AD88 01 DC E3 01 00 00 00 00 00 00 00 00 00 93 E0 01   ................
@6AD98 99 E5 01 00 00 00 00 00 00 00 00 00 00 00 00 00   ................
@6ADA8 00 00 00 00 00 00 00 00 00 00 00 00 00 00 00 00   ................
@6ADB8 00 00 00 00 00 00 00 3A E4 01 F2 CA 01 00 00 00   .......:........
@6ADC8 05 00 04 C7 01 99 E5 01 00 00 00 01               ............    

Record #25 @001054
@6ADD4 00 00 00 00 DC DD 01 55 DD 01 02 02 0A 0E 00 00   .......U........
@6ADE4 12 00 00 38 D0 01 05 DE 01 FF 77 DE 01 00 00 00   ...8......w.....
@6ADF4 00 00 00 00 00 00 38 E2 01 00 00 00 19 00 19 00   ......8.........
@6AE04 00 00 00 00 00 00 00 00 00 00 00 00 00 00 00 00   ................
@6AE14 00 00 00 00 00 00 00 00 00 00 00 00 00 00 00 00   ................
@6AE24 00 00 00 00 00 00 00 00 00 00 00 00 00 00 00 00   ................
@6AE34 00 00 00 00 00 00 00 00 00 00 00 00 00 00 00 00   ................
@6AE44 00 00 00 00 00 00 00 00 00 00 00 00 00 00 00 00   ................
@6AE54 00 00 00 00 00 00 00 00 00 00 00 00 00 00 00 00   ................
@6AE64 00 00 00 00 00 00 00 00 00 00 00 00               ............    

Record #26 @0010F0
@6AE70 00 00 00 00 DC DD 01 55 DD 01 03 02 02 19 00 00   .......U........
@6AE80 1A 00 00 6B CE 01 6F CC 01 01 8E DF 01 01 00 00   ...k..o.........
@6AE90 00 00 00 00 00 00 38 E2 01 00 00 00 1A 00 1B 00   ......8.........
@6AEA0 00 00 00 15 14 00 09 05 28 00 04 00 CF E0 01 53   ........(......S
@6AEB0 E5 01 00 00 00 00 00 00 00 00 00 08 E1 01 76 E5   ..............v.
@6AEC0 01 64 E5 01 00 00 00 00 00 00 00 00 00 E0 E0 01   .d..............
@6AED0 87 E5 01 00 00 00 00 00 00 00 00 00 00 00 00 00   ................
@6AEE0 00 00 00 00 00 00 00 00 00 00 00 00 00 00 00 00   ................
@6AEF0 00 00 00 00 00 00 00 64 E5 01 00 00 00 00 00 00   .......d........
@6AF00 04 00 04 C7 01 87 E5 01 00 00 00 01               ............    

Record #27 @00118C
@6AF0C 00 00 00 00 DC DD 01 55 DD 01 03 02 02 19 00 00   .......U........
@6AF1C 1A 00 00 6B CE 01 6F CC 01 01 8E DF 01 01 00 00   ...k..o.........
@6AF2C 00 00 00 00 00 00 38 E2 01 00 00 00 00 00 00 00   ......8.........
@6AF3C 00 00 00 0E 0F 00 0A 08 38 00 0B 00 6B E0 01 53   ........8...k..S
@6AF4C E5 01 00 00 00 00 00 00 00 00 00 A6 E0 01 87 E5   ................
@6AF5C 01 53 E5 01 00 00 00 00 00 00 00 00 00 08 E1 01   .S..............
@6AF6C 87 E5 01 00 00 00 00 00 00 00 00 00 00 00 00 00   ................
@6AF7C 00 00 00 00 00 00 00 00 00 00 00 00 00 00 00 00   ................
@6AF8C 00 00 00 00 00 00 00 64 E5 01 00 00 00 00 00 00   .......d........
@6AF9C 04 00 04 C7 01 87 E5 01 00 00 00 01               ............    

Record #28 @001280
@6B000 00 00 00 00 DC DD 01 55 DD 01 04 04 02 0E 00 00   .......U........
@6B010 13 00 00 7A D1 01 86 CC 01 01 D7 DE 01 00 00 00   ...z............
@6B020 00 00 00 00 00 00 38 E2 01 00 00 00 1C 00 22 00   ......8.......".
@6B030 00 00 00 00 00 00 00 00 00 00 00 00 00 00 00 00   ................
@6B040 00 00 00 00 00 00 00 00 00 00 00 00 00 00 00 00   ................
@6B050 00 00 00 00 00 00 00 00 00 00 00 00 00 00 00 00   ................
@6B060 00 00 00 00 00 00 00 00 00 00 00 00 00 00 00 00   ................
@6B070 00 00 00 00 00 00 00 00 00 00 00 00 00 00 00 00   ................
@6B080 00 00 00 00 00 00 00 00 00 00 00 00 00 00 00 00   ................
@6B090 00 00 00 00 00 00 00 00 00 00 00 00               ............    

Record #29 @00131C
@6B09C 00 00 00 00 DC DD 01 55 DD 01 04 00 02 00 00 00   .......U........
@6B0AC 00 00 00 00 00 00 00 00 00 00 00 00 00 00 00 00   ................
@6B0BC 00 00 00 00 00 00 00 00 00 00 00 00 00 00 00 00   ................
@6B0CC 00 00 00 00 00 00 00 00 00 00 00 00 00 00 00 00   ................
@6B0DC 00 00 00 00 00 00 00 00 00 00 00 00 00 00 00 00   ................
@6B0EC 00 00 00 00 00 00 00 00 00 00 00 00 00 00 00 00   ................
@6B0FC 00 00 00 00 00 00 00 00 00 00 00 00 00 00 00 00   ................
@6B10C 00 00 00 00 00 00 00 00 00 00 00 00 00 00 00 00   ................
@6B11C 00 00 00 00 00 00 00 00 00 00 00 00 00 00 00 00   ................
@6B12C 00 00 00 00 00 00 00 00 00 00 00 00               ............    

Record #30 @0013B8
@6B138 00 00 00 00 DC DD 01 55 DD 01 04 00 02 00 00 00   .......U........
@6B148 00 00 00 00 00 00 00 00 00 00 00 00 00 00 00 00   ................
@6B158 00 00 00 00 00 00 00 00 00 00 00 00 00 00 00 00   ................
@6B168 00 00 00 00 00 00 00 00 00 00 00 00 00 00 00 00   ................
@6B178 00 00 00 00 00 00 00 00 00 00 00 00 00 00 00 00   ................
@6B188 00 00 00 00 00 00 00 00 00 00 00 00 00 00 00 00   ................
@6B198 00 00 00 00 00 00 00 00 00 00 00 00 00 00 00 00   ................
@6B1A8 00 00 00 00 00 00 00 00 00 00 00 00 00 00 00 00   ................
@6B1B8 00 00 00 00 00 00 00 00 00 00 00 00 00 00 00 00   ................
@6B1C8 00 00 00 00 00 00 00 00 00 00 00 00               ............    

Record #31 @001454
@6B1D4 00 00 00 00 DC DD 01 55 DD 01 04 00 02 00 00 00   .......U........
@6B1E4 00 00 00 00 00 00 00 00 00 00 00 00 00 00 00 00   ................
@6B1F4 00 00 00 00 00 00 00 00 00 00 00 00 00 00 00 00   ................
@6B204 00 00 00 00 00 00 00 00 00 00 00 00 00 00 00 00   ................
@6B214 00 00 00 00 00 00 00 00 00 00 00 00 00 00 00 00   ................
@6B224 00 00 00 00 00 00 00 00 00 00 00 00 00 00 00 00   ................
@6B234 00 00 00 00 00 00 00 00 00 00 00 00 00 00 00 00   ................
@6B244 00 00 00 00 00 00 00 00 00 00 00 00 00 00 00 00   ................
@6B254 00 00 00 00 00 00 00 00 00 00 00 00 00 00 00 00   ................
@6B264 00 00 00 00 00 00 00 00 00 00 00 00               ............    

Record #32 @0014F0
@6B270 00 00 00 00 DC DD 01 55 DD 01 04 00 02 00 00 00   .......U........
@6B280 00 00 00 00 00 00 00 00 00 00 00 00 00 00 00 00   ................
@6B290 00 00 00 00 00 00 00 00 00 00 00 00 00 00 00 00   ................
@6B2A0 00 00 00 00 00 00 00 00 00 00 00 00 00 00 00 00   ................
@6B2B0 00 00 00 00 00 00 00 00 00 00 00 00 00 00 00 00   ................
@6B2C0 00 00 00 00 00 00 00 00 00 00 00 00 00 00 00 00   ................
@6B2D0 00 00 00 00 00 00 00 00 00 00 00 00 00 00 00 00   ................
@6B2E0 00 00 00 00 00 00 00 00 00 00 00 00 00 00 00 00   ................
@6B2F0 00 00 00 00 00 00 00 00 00 00 00 00 00 00 00 00   ................
@6B300 00 00 00 00 00 00 00 00 00 00 00 00               ............    

Record #33 @00158C
@6B30C 00 00 00 00 DC DD 01 55 DD 01 04 00 02 00 00 00   .......U........
@6B31C 00 00 00 00 00 00 00 00 00 00 00 00 00 00 00 00   ................
@6B32C 00 00 00 00 00 00 00 00 00 00 00 00 00 00 00 00   ................
@6B33C 00 00 00 00 00 00 00 00 00 00 00 00 00 00 00 00   ................
@6B34C 00 00 00 00 00 00 00 00 00 00 00 00 00 00 00 00   ................
@6B35C 00 00 00 00 00 00 00 00 00 00 00 00 00 00 00 00   ................
@6B36C 00 00 00 00 00 00 00 00 00 00 00 00 00 00 00 00   ................
@6B37C 00 00 00 00 00 00 00 00 00 00 00 00 00 00 00 00   ................
@6B38C 00 00 00 00 00 00 00 00 00 00 00 00 00 00 00 00   ................
@6B39C 00 00 00 00 00 00 00 00 00 00 00 00               ............    

Record #34 @001680
@6B400 00 00 00 00 DC DD 01 55 DD 01 04 00 02 00 00 00   .......U........
@6B410 00 00 00 00 00 00 00 00 00 00 00 00 00 00 00 00   ................
@6B420 00 00 00 00 00 00 00 00 00 00 00 00 00 00 00 00   ................
@6B430 00 00 00 00 00 00 00 00 00 00 00 00 00 00 00 00   ................
@6B440 00 00 00 00 00 00 00 00 00 00 00 00 00 00 00 00   ................
@6B450 00 00 00 00 00 00 00 00 00 00 00 00 00 00 00 00   ................
@6B460 00 00 00 00 00 00 00 00 00 00 00 00 00 00 00 00   ................
@6B470 00 00 00 00 00 00 00 00 00 00 00 00 00 00 00 00   ................
@6B480 00 00 00 00 00 00 00 00 00 00 00 00 00 00 00 00   ................
@6B490 00 00 00 00 00 00 00 00 00 00 00 00               ............    

Record #35 @00171C
@6B49C 00 00 00 00 DC DD 01 55 DD 01 04 04 02 17 00 00   .......U........
@6B4AC 18 00 00 CA CE 01 05 DE 01 FF E9 DE 01 00 00 00   ................
@6B4BC 00 00 00 00 00 00 38 E2 01 00 00 00 23 00 29 00   ......8.....#.).
@6B4CC 00 00 00 00 00 00 00 00 00 00 00 00 00 00 00 00   ................
@6B4DC 00 00 00 00 00 00 00 00 00 00 00 00 00 00 00 00   ................
@6B4EC 00 00 00 00 00 00 00 00 00 00 00 00 00 00 00 00   ................
@6B4FC 00 00 00 00 00 00 00 00 00 00 00 00 00 00 00 00   ................
@6B50C 00 00 00 00 00 00 00 00 00 00 00 00 00 00 00 00   ................
@6B51C 00 00 00 00 00 00 00 00 00 00 00 00 00 00 00 00   ................
@6B52C 00 00 00 00 00 00 00 00 00 00 00 00               ............    

Record #36 @0017B8
@6B538 00 00 00 00 DC DD 01 55 DD 01 04 00 02 00 00 00   .......U........
@6B548 00 00 00 00 00 00 00 00 00 00 00 00 00 00 00 00   ................
@6B558 00 00 00 00 00 00 00 00 00 00 00 00 00 00 00 00   ................
@6B568 00 00 00 00 00 00 00 00 00 00 00 00 00 00 00 00   ................
@6B578 00 00 00 00 00 00 00 00 00 00 00 00 00 00 00 00   ................
@6B588 00 00 00 00 00 00 00 00 00 00 00 00 00 00 00 00   ................
@6B598 00 00 00 00 00 00 00 00 00 00 00 00 00 00 00 00   ................
@6B5A8 00 00 00 00 00 00 00 00 00 00 00 00 00 00 00 00   ................
@6B5B8 00 00 00 00 00 00 00 00 00 00 00 00 00 00 00 00   ................
@6B5C8 00 00 00 00 00 00 00 00 00 00 00 00               ............    

Record #37 @001854
@6B5D4 00 00 00 00 DC DD 01 55 DD 01 04 00 02 00 00 00   .......U........
@6B5E4 00 00 00 00 00 00 00 00 00 00 00 00 00 00 00 00   ................
@6B5F4 00 00 00 00 00 00 00 00 00 00 00 00 00 00 00 00   ................
@6B604 00 00 00 00 00 00 00 00 00 00 00 00 00 00 00 00   ................
@6B614 00 00 00 00 00 00 00 00 00 00 00 00 00 00 00 00   ................
@6B624 00 00 00 00 00 00 00 00 00 00 00 00 00 00 00 00   ................
@6B634 00 00 00 00 00 00 00 00 00 00 00 00 00 00 00 00   ................
@6B644 00 00 00 00 00 00 00 00 00 00 00 00 00 00 00 00   ................
@6B654 00 00 00 00 00 00 00 00 00 00 00 00 00 00 00 00   ................
@6B664 00 00 00 00 00 00 00 00 00 00 00 00               ............    

Record #38 @0018F0
@6B670 00 00 00 00 DC DD 01 55 DD 01 04 00 02 00 00 00   .......U........
@6B680 00 00 00 00 00 00 00 00 00 00 00 00 00 00 00 00   ................
@6B690 00 00 00 00 00 00 00 00 00 00 00 00 00 00 00 00   ................
@6B6A0 00 00 00 00 00 00 00 00 00 00 00 00 00 00 00 00   ................
@6B6B0 00 00 00 00 00 00 00 00 00 00 00 00 00 00 00 00   ................
@6B6C0 00 00 00 00 00 00 00 00 00 00 00 00 00 00 00 00   ................
@6B6D0 00 00 00 00 00 00 00 00 00 00 00 00 00 00 00 00   ................
@6B6E0 00 00 00 00 00 00 00 00 00 00 00 00 00 00 00 00   ................
@6B6F0 00 00 00 00 00 00 00 00 00 00 00 00 00 00 00 00   ................
@6B700 00 00 00 00 00 00 00 00 00 00 00 00               ............    

Record #39 @00198C
@6B70C 00 00 00 00 DC DD 01 55 DD 01 04 00 02 00 00 00   .......U........
@6B71C 00 00 00 00 00 00 00 00 00 00 00 00 00 00 00 00   ................
@6B72C 00 00 00 00 00 00 00 00 00 00 00 00 00 00 00 00   ................
@6B73C 00 00 00 00 00 00 00 00 00 00 00 00 00 00 00 00   ................
@6B74C 00 00 00 00 00 00 00 00 00 00 00 00 00 00 00 00   ................
@6B75C 00 00 00 00 00 00 00 00 00 00 00 00 00 00 00 00   ................
@6B76C 00 00 00 00 00 00 00 00 00 00 00 00 00 00 00 00   ................
@6B77C 00 00 00 00 00 00 00 00 00 00 00 00 00 00 00 00   ................
@6B78C 00 00 00 00 00 00 00 00 00 00 00 00 00 00 00 00   ................
@6B79C 00 00 00 00 00 00 00 00 00 00 00 00               ............    

Record #40 @001A80
@6B800 00 00 00 00 DC DD 01 55 DD 01 04 00 02 00 00 00   .......U........
@6B810 00 00 00 00 00 00 00 00 00 00 00 00 00 00 00 00   ................
@6B820 00 00 00 00 00 00 00 00 00 00 00 00 00 00 00 00   ................
@6B830 00 00 00 00 00 00 00 00 00 00 00 00 00 00 00 00   ................
@6B840 00 00 00 00 00 00 00 00 00 00 00 00 00 00 00 00   ................
@6B850 00 00 00 00 00 00 00 00 00 00 00 00 00 00 00 00   ................
@6B860 00 00 00 00 00 00 00 00 00 00 00 00 00 00 00 00   ................
@6B870 00 00 00 00 00 00 00 00 00 00 00 00 00 00 00 00   ................
@6B880 00 00 00 00 00 00 00 00 00 00 00 00 00 00 00 00   ................
@6B890 00 00 00 00 00 00 00 00 00 00 00 00               ............    

Record #41 @001B1C
@6B89C 00 00 00 00 DC DD 01 55 DD 01 04 00 02 00 00 00   .......U........
@6B8AC 00 00 00 00 00 00 00 00 00 00 00 00 00 00 00 00   ................
@6B8BC 00 00 00 00 00 00 00 00 00 00 00 00 00 00 00 00   ................
@6B8CC 00 00 00 00 00 00 00 00 00 00 00 00 00 00 00 00   ................
@6B8DC 00 00 00 00 00 00 00 00 00 00 00 00 00 00 00 00   ................
@6B8EC 00 00 00 00 00 00 00 00 00 00 00 00 00 00 00 00   ................
@6B8FC 00 00 00 00 00 00 00 00 00 00 00 00 00 00 00 00   ................
@6B90C 00 00 00 00 00 00 00 00 00 00 00 00 00 00 00 00   ................
@6B91C 00 00 00 00 00 00 00 00 00 00 00 00 00 00 00 00   ................
@6B92C 00 00 00 00 00 00 00 00 00 00 00 00               ............    

Record #42 @001BB8
@6B938 2A 00 36 00 C9 DD 01 55 DD 01 02 02 0A 19 00 00   *.6....U........
@6B948 19 00 00 38 D0 01 86 CC 01 01 B1 DF 01 01 00 00   ...8............
@6B958 00 00 00 00 00 00 38 E2 01 00 00 00 2A 00 2A 00   ......8.....*.*.
@6B968 00 00 00 00 00 00 00 00 00 00 00 00 00 00 00 00   ................
@6B978 00 00 00 00 00 00 00 00 00 00 00 00 00 00 00 00   ................
@6B988 00 00 00 00 00 00 00 00 00 00 00 00 00 00 00 00   ................
@6B998 00 00 00 00 00 00 00 00 00 00 00 00 00 00 00 00   ................
@6B9A8 00 00 00 00 00 00 00 00 00 00 00 00 00 00 00 00   ................
@6B9B8 00 00 00 00 00 00 00 00 00 00 00 00 00 00 00 00   ................
@6B9C8 00 00 00 00 00 00 00 00 00 00 00 00               ............    

Record #43 @001C54
@6B9D4 00 00 00 00 C9 DD 01 55 DD 01 03 04 0A 15 00 00   .......U........
@6B9E4 16 00 00 68 CF 01 6F CC 01 01 E9 DE 01 00 00 00   ...h..o.........
@6B9F4 00 00 62 CD 01 06 5C E1 01 00 00 00 2B 00 2C 00   ..b...\.....+.,.
@6BA04 04 00 00 2C 27 00 4D 4D 10 01 18 00 E0 E0 01 27   ...,'.MM.......'
@6BA14 E4 01 00 00 00 00 00 00 14 D8 01 A6 E0 01 99 E5   ................
@6BA24 01 27 E4 01 F2 CA 01 00 00 00 00 00 00 E0 E0 01   .'..............
@6BA34 87 E5 01 00 00 00 00 00 00 00 00 00 00 00 00 00   ................
@6BA44 00 00 00 00 00 3A E4 01 CD CA 01 00 00 00 01 D5   .....:..........
@6BA54 01 A6 E0 01 87 E5 01 3A E4 01 00 00 00 19 CB 01   .......:........
@6BA64 0E 00 48 C7 01 A9 E5 01 00 00 00 01               ..H.........    

Record #44 @001CF0
@6BA70 00 00 00 00 C9 DD 01 55 DD 01 03 04 0A 15 00 00   .......U........
@6BA80 16 00 00 68 CF 01 6F CC 01 01 E9 DE 01 00 00 00   ...h..o.........
@6BA90 00 00 62 CD 01 06 5C E1 01 00 00 00 00 00 00 00   ..b...\.........
@6BAA0 04 00 00 2A 27 00 35 46 19 01 2E 00 7D E0 01 27   ...*'.5F....}..'
@6BAB0 E4 01 F2 CA 01 00 00 00 F2 D8 01 BA E0 01 87 E5   ................
@6BAC0 01 3A E4 01 F2 CA 01 00 00 00 00 00 00 E0 E0 01   .:..............
@6BAD0 76 E5 01 00 00 00 00 00 00 00 00 00 00 00 00 00   v...............
@6BAE0 00 00 00 00 00 3A E4 01 00 00 00 00 00 00 5A D9   .....:........Z.
@6BAF0 01 37 E0 01 76 E5 01 27 E4 01 00 00 00 58 CB 01   .7..v..'.....X..
@6BB00 0E 00 48 C7 01 A9 E5 01 00 00 00 01               ..H.........    

Record #45 @001D8C
@6BB0C 00 00 00 00 C9 DD 01 55 DD 01 02 02 02 12 00 00   .......U........
@6BB1C 14 00 00 7A D1 01 6F CC 01 01 E9 DE 01 00 00 00   ...z..o.........
@6BB2C 00 00 00 00 00 00 38 E2 01 00 00 00 2D 00 2D 00   ......8.....-.-.
@6BB3C 00 00 00 00 00 00 00 00 00 00 00 00 00 00 00 00   ................
@6BB4C 00 00 00 00 00 00 00 00 00 00 00 00 00 00 00 00   ................
@6BB5C 00 00 00 00 00 00 00 00 00 00 00 00 00 00 00 00   ................
@6BB6C 00 00 00 00 00 00 00 00 00 00 00 00 00 00 00 00   ................
@6BB7C 00 00 00 00 00 00 00 00 00 00 00 00 00 00 00 00   ................
@6BB8C 00 00 00 00 00 00 00 00 00 00 00 00 00 00 00 00   ................
@6BB9C 00 00 00 00 00 00 00 00 00 00 00 00               ............    

Record #46 @001E80
@6BC00 00 00 00 00 C9 DD 01 55 DD 01 03 02 02 19 00 00   .......U........
@6BC10 1A 00 00 14 D0 01 86 CC 01 01 C4 DE 01 00 00 00   ................
@6BC20 00 00 00 00 00 00 38 E2 01 00 00 00 2E 00 2F 00   ......8......./.
@6BC30 00 00 00 0E 15 00 09 06 43 00 0B 00 7D E0 01 53   ........C...}..S
@6BC40 E5 01 00 00 00 00 00 00 AF D3 01 CF E0 01 76 E5   ..............v.
@6BC50 01 53 E5 01 00 00 00 00 00 00 00 00 00 59 E0 01   .S...........Y..
@6BC60 87 E5 01 00 00 00 00 00 00 00 00 00 00 00 00 00   ................
@6BC70 00 00 00 00 00 00 00 00 00 00 00 00 00 00 00 00   ................
@6BC80 00 00 00 00 00 00 00 64 E5 01 00 00 00 00 00 00   .......d........
@6BC90 0C 00 04 C7 01 87 E5 01 00 00 00 01               ............    

Record #47 @001F1C
@6BC9C 00 00 00 00 C9 DD 01 55 DD 01 03 02 02 19 00 00   .......U........
@6BCAC 1A 00 00 14 D0 01 86 CC 01 01 C4 DE 01 00 00 00   ................
@6BCBC 00 00 00 00 00 00 38 E2 01 00 00 00 00 00 00 00   ......8.........
@6BCCC 00 00 00 14 16 00 01 05 21 00 03 00 CF E0 01 53   ........!......S
@6BCDC E5 01 00 00 00 00 00 00 1A D9 01 A6 E0 01 87 E5   ................
@6BCEC 01 53 E5 01 00 00 00 00 00 00 00 00 00 E0 E0 01   .S..............
@6BCFC 76 E5 01 00 00 00 00 00 00 00 00 00 00 00 00 00   v...............
@6BD0C 00 00 00 00 00 00 00 00 00 00 00 00 00 00 00 00   ................
@6BD1C 00 00 00 00 00 00 00 64 E5 01 00 00 00 00 00 00   .......d........
@6BD2C 0C 00 04 C7 01 87 E5 01 00 00 00 01               ............    

Record #48 @001FB8
@6BD38 00 00 00 00 C9 DD 01 55 DD 01 04 06 02 18 00 00   .......U........
@6BD48 1A 00 00 38 D0 01 6F CC 01 01 77 DE 01 00 00 00   ...8..o...w.....
@6BD58 00 00 00 00 00 00 38 E2 01 00 00 00 30 00 36 00   ......8.....0.6.
@6BD68 00 00 00 00 00 00 00 00 00 00 00 00 00 00 00 00   ................
@6BD78 00 00 00 00 00 00 00 00 00 00 00 00 00 00 00 00   ................
@6BD88 00 00 00 00 00 00 00 00 00 00 00 00 00 00 00 00   ................
@6BD98 00 00 00 00 00 00 00 00 00 00 00 00 00 00 00 00   ................
@6BDA8 00 00 00 00 00 00 00 00 00 00 00 00 00 00 00 00   ................
@6BDB8 00 00 00 00 00 00 00 00 00 00 00 00 00 00 00 00   ................
@6BDC8 00 00 00 00 00 00 00 00 00 00 00 00               ............    

Record #49 @002054
@6BDD4 00 00 00 00 C9 DD 01 55 DD 01 04 00 02 00 00 00   .......U........
@6BDE4 00 00 00 00 00 00 00 00 00 00 00 00 00 00 00 00   ................
@6BDF4 00 00 00 00 00 00 00 00 00 00 00 00 00 00 00 00   ................
@6BE04 00 00 00 00 00 00 00 00 00 00 00 00 00 00 00 00   ................
@6BE14 00 00 00 00 00 00 00 00 00 00 00 00 00 00 00 00   ................
@6BE24 00 00 00 00 00 00 00 00 00 00 00 00 00 00 00 00   ................
@6BE34 00 00 00 00 00 00 00 00 00 00 00 00 00 00 00 00   ................
@6BE44 00 00 00 00 00 00 00 00 00 00 00 00 00 00 00 00   ................
@6BE54 00 00 00 00 00 00 00 00 00 00 00 00 00 00 00 00   ................
@6BE64 00 00 00 00 00 00 00 00 00 00 00 00               ............    

Record #50 @0020F0
@6BE70 00 00 00 00 C9 DD 01 55 DD 01 04 00 02 00 00 00   .......U........
@6BE80 00 00 00 00 00 00 00 00 00 00 00 00 00 00 00 00   ................
@6BE90 00 00 00 00 00 00 00 00 00 00 00 00 00 00 00 00   ................
@6BEA0 00 00 00 00 00 00 00 00 00 00 00 00 00 00 00 00   ................
@6BEB0 00 00 00 00 00 00 00 00 00 00 00 00 00 00 00 00   ................
@6BEC0 00 00 00 00 00 00 00 00 00 00 00 00 00 00 00 00   ................
@6BED0 00 00 00 00 00 00 00 00 00 00 00 00 00 00 00 00   ................
@6BEE0 00 00 00 00 00 00 00 00 00 00 00 00 00 00 00 00   ................
@6BEF0 00 00 00 00 00 00 00 00 00 00 00 00 00 00 00 00   ................
@6BF00 00 00 00 00 00 00 00 00 00 00 00 00               ............    

Record #51 @00218C
@6BF0C 00 00 00 00 C9 DD 01 55 DD 01 04 00 02 00 00 00   .......U........
@6BF1C 00 00 00 00 00 00 00 00 00 00 00 00 00 00 00 00   ................
@6BF2C 00 00 00 00 00 00 00 00 00 00 00 00 00 00 00 00   ................
@6BF3C 00 00 00 00 00 00 00 00 00 00 00 00 00 00 00 00   ................
@6BF4C 00 00 00 00 00 00 00 00 00 00 00 00 00 00 00 00   ................
@6BF5C 00 00 00 00 00 00 00 00 00 00 00 00 00 00 00 00   ................
@6BF6C 00 00 00 00 00 00 00 00 00 00 00 00 00 00 00 00   ................
@6BF7C 00 00 00 00 00 00 00 00 00 00 00 00 00 00 00 00   ................
@6BF8C 00 00 00 00 00 00 00 00 00 00 00 00 00 00 00 00   ................
@6BF9C 00 00 00 00 00 00 00 00 00 00 00 00               ............    

Record #52 @002280
@6C000 00 00 00 00 C9 DD 01 55 DD 01 04 00 02 00 00 00   .......U........
@6C010 00 00 00 00 00 00 00 00 00 00 00 00 00 00 00 00   ................
@6C020 00 00 00 00 00 00 00 00 00 00 00 00 00 00 00 00   ................
@6C030 00 00 00 00 00 00 00 00 00 00 00 00 00 00 00 00   ................
@6C040 00 00 00 00 00 00 00 00 00 00 00 00 00 00 00 00   ................
@6C050 00 00 00 00 00 00 00 00 00 00 00 00 00 00 00 00   ................
@6C060 00 00 00 00 00 00 00 00 00 00 00 00 00 00 00 00   ................
@6C070 00 00 00 00 00 00 00 00 00 00 00 00 00 00 00 00   ................
@6C080 00 00 00 00 00 00 00 00 00 00 00 00 00 00 00 00   ................
@6C090 00 00 00 00 00 00 00 00 00 00 00 00               ............    

Record #53 @00231C
@6C09C 00 00 00 00 C9 DD 01 55 DD 01 04 00 02 00 00 00   .......U........
@6C0AC 00 00 00 00 00 00 00 00 00 00 00 00 00 00 00 00   ................
@6C0BC 00 00 00 00 00 00 00 00 00 00 00 00 00 00 00 00   ................
@6C0CC 00 00 00 00 00 00 00 00 00 00 00 00 00 00 00 00   ................
@6C0DC 00 00 00 00 00 00 00 00 00 00 00 00 00 00 00 00   ................
@6C0EC 00 00 00 00 00 00 00 00 00 00 00 00 00 00 00 00   ................
@6C0FC 00 00 00 00 00 00 00 00 00 00 00 00 00 00 00 00   ................
@6C10C 00 00 00 00 00 00 00 00 00 00 00 00 00 00 00 00   ................
@6C11C 00 00 00 00 00 00 00 00 00 00 00 00 00 00 00 00   ................
@6C12C 00 00 00 00 00 00 00 00 00 00 00 00               ............    

Record #54 @0023B8
@6C138 00 00 00 00 C9 DD 01 55 DD 01 04 00 02 00 00 00   .......U........
@6C148 00 00 00 00 00 00 00 00 00 00 00 00 00 00 00 00   ................
@6C158 00 00 00 00 00 00 00 00 00 00 00 00 00 00 00 00   ................
@6C168 00 00 00 00 00 00 00 00 00 00 00 00 00 00 00 00   ................
@6C178 00 00 00 00 00 00 00 00 00 00 00 00 00 00 00 00   ................
@6C188 00 00 00 00 00 00 00 00 00 00 00 00 00 00 00 00   ................
@6C198 00 00 00 00 00 00 00 00 00 00 00 00 00 00 00 00   ................
@6C1A8 00 00 00 00 00 00 00 00 00 00 00 00 00 00 00 00   ................
@6C1B8 00 00 00 00 00 00 00 00 00 00 00 00 00 00 00 00   ................
@6C1C8 00 00 00 00 00 00 00 00 00 00 00 00               ............    

Record #55 @002454
@6C1D4 20 20 20 20 20 20 20 20 20 20 20 20 20 20 20 20                   
@6C1E4 20 20 20 20 20 20 20 20 20 20 20 20 20 20 20 20                   
@6C1F4 20 20 20 20 20 20 20 20 20 20 20 20 20 20 20 20                   
@6C204 20 20 20 20 20 20 20 20 20 20 20 20 20 20 20 20                   
@6C214 20 20 20 20 20 20 20 20 20 20 20 20 20 20 20 20                   
@6C224 20 20 20 20 20 20 20 20 20 20 20 20 20 20 20 20                   
@6C234 20 20 20 20 20 20 20 20 20 20 20 20 20 20 20 20                   
@6C244 20 20 20 20 20 20 20 20 20 20 20 20 20 20 20 20                   
@6C254 20 20 20 20 20 20 20 20 20 20 20 20 20 20 20 20                   
@6C264 20 20 20 20 20 20 20 20 20 20 20 20                               

Record #56 @0024F0
@6C270 20 20 20 20 20 20 20 20 20 20 20 20 20 20 20 20                   
@6C280 20 20 20 20 20 20 20 20 20 20 20 20 20 20 20 20                   
@6C290 20 20 20 20 20 20 20 20 20 20 20 20 20 20 20 20                   
@6C2A0 20 20 20 20 20 20 20 20 20 20 20 20 20 20 20 20                   
@6C2B0 20 20 20 20 20 20 20 20 20 20 20 20 20 20 20 20                   
@6C2C0 20 20 20 20 20 20 20 20 20 20 20 20 20 20 20 20                   
@6C2D0 20 20 20 20 20 20 20 20 20 20 20 20 20 20 20 20                   
@6C2E0 20 20 20 20 20 20 20 20 20 20 20 20 20 20 20 20                   
@6C2F0 20 20 20 20 20 20 20 20 20 20 20 20 20 20 20 20                   
@6C300 20 20 20 20 20 20 20 20 20 20 20 20                               

Record #57 @00258C
@6C30C 20 20 20 20 20 20 20 20 20 20 20 20 20 20 20 20                   
@6C31C 20 20 20 20 20 20 20 20 20 20 20 20 20 20 20 20                   
@6C32C 20 20 20 20 20 20 20 20 20 20 20 20 20 20 20 20                   
@6C33C 20 20 20 20 20 20 20 20 20 20 20 20 20 20 20 20                   
@6C34C 20 20 20 20 20 20 20 20 20 20 20 20 20 20 20 20                   
@6C35C 20 20 20 20 20 20 20 20 20 20 20 20 20 20 20 20                   
@6C36C 20 20 20 20 20 20 20 20 20 20 20 20 20 20 20 20                   
@6C37C 20 20 20 20 20 20 20 20 20 20 20 20 20 20 20 20                   
@6C38C 20 20 20 20 20 20 20 20 20 20 20 20 20 20 20 20                   
@6C39C 20 20 20 20 20 20 20 20 20 20 20 20                               

Record #58 @002680
@6C400 20 20 20 20 20 20 20 20 20 20 20 20 20 20 20 20                   
@6C410 20 20 20 20 20 20 20 20 20 20 20 20 20 20 20 20                   
@6C420 20 20 20 20 20 20 20 20 20 20 20 20 20 20 20 20                   
@6C430 20 20 20 20 20 20 20 20 20 20 20 20 20 20 20 20                   
@6C440 20 20 20 20 20 20 20 20 20 20 20 20 20 20 20 20                   
@6C450 20 20 20 20 20 20 20 20 20 20 20 20 20 20 20 20                   
@6C460 20 20 20 20 20 20 20 20 20 20 20 20 20 20 20 20                   
@6C470 20 20 20 20 20 20 20 20 20 20 20 20 20 20 20 20                   
@6C480 20 20 20 20 20 20 20 20 20 20 20 20 20 20 20 20                   
@6C490 20 20 20 20 20 20 20 20 20 20 20 20                               

Record #59 @00271C
@6C49C 20 20 20 20 20 20 20 20 20 20 20 20 20 20 20 20                   
@6C4AC 20 20 20 20 20 20 20 20 20 20 20 20 20 20 20 20                   
@6C4BC 20 20 20 20 20 20 20 20 20 20 20 20 20 20 20 20                   
@6C4CC 20 20 20 20 20 20 20 20 20 20 20 20 20 20 20 20                   
@6C4DC 20 20 20 20 20 20 20 20 20 20 20 20 20 20 20 20                   
@6C4EC 20 20 20 20 20 20 20 20 20 20 20 20 20 20 20 20                   
@6C4FC 20 20 20 20 20 20 20 20 20 20 20 20 20 20 20 20                   
@6C50C 20 20 20 20 20 20 20 20 20 20 20 20 20 20 20 20                   
@6C51C 20 20 20 20 20 20 20 20 20 20 20 20 20 20 20 20                   
@6C52C 20 20 20 20 20 20 20 20 20 20 20 20                               

Record #60 @0027B8
@6C538 20 20 20 20 20 20 20 20 20 20 20 20 20 20 20 20                   
@6C548 20 20 20 20 20 20 20 20 20 20 20 20 20 20 20 20                   
@6C558 20 20 20 20 20 20 20 20 20 20 20 20 20 20 20 20                   
@6C568 20 20 20 20 20 20 20 20 20 20 20 20 20 20 20 20                   
@6C578 20 20 20 20 20 20 20 20 20 20 20 20 20 20 20 20                   
@6C588 20 20 20 20 20 20 20 20 20 20 20 20 20 20 20 20                   
@6C598 20 20 20 20 20 20 20 20 20 20 20 20 20 20 20 20                   
@6C5A8 20 20 20 20 20 20 20 20 20 20 20 20 20 20 20 20                   
@6C5B8 20 20 20 20 20 20 20 20 20 20 20 20 20 20 20 20                   
@6C5C8 20 20 20 20 20 20 20 20 20 20 20 20                               

Record #61 @002854
@6C5D4 20 20 20 20 20 20 20 20 20 20 20 20 20 20 20 20                   
@6C5E4 20 20 20 20 20 20 20 20 20 20 20 20 20 20 20 20                   
@6C5F4 20 20 20 20 20 20 20 20 20 20 20 20 20 20 20 20                   
@6C604 20 20 20 20 20 20 20 20 20 20 20 20 20 20 20 20                   
@6C614 20 20 20 20 20 20 20 20 20 20 20 20 20 20 20 20                   
@6C624 20 20 20 20 20 20 20 20 20 20 20 20 20 20 20 20                   
@6C634 20 20 20 20 20 20 20 20 20 20 20 20 20 20 20 20                   
@6C644 20 20 20 20 20 20 20 20 20 20 20 20 20 20 20 20                   
@6C654 20 20 20 20 20 20 20 20 20 20 20 20 20 20 20 20                   
@6C664 20 20 20 20 20 20 20 20 20 20 20 20                               

Record #62 @0028F0
@6C670 20 20 20 20 20 20 20 20 20 20 20 20 20 20 20 20                   
@6C680 20 20 20 20 20 20 20 20 20 20 20 20 20 20 20 20                   
@6C690 20 20 20 20 20 20 20 20 20 20 20 20 20 20 20 20                   
@6C6A0 20 20 20 20 20 20 20 20 20 20 20 20 20 20 20 20                   
@6C6B0 20 20 20 20 20 20 20 20 20 20 20 20 20 20 20 20                   
@6C6C0 20 20 20 20 20 20 20 20 20 20 20 20 20 20 20 20                   
@6C6D0 20 20 20 20 20 20 20 20 20 20 20 20 20 20 20 20                   
@6C6E0 20 20 20 20 20 20 20 20 20 20 20 20 20 20 20 20                   
@6C6F0 20 20 20 20 20 20 20 20 20 20 20 20 20 20 20 20                   
@6C700 20 20 20 20 20 20 20 20 20 20 20 20                               

Record #63 @00298C
@6C70C 20 20 20 20 20 20 20 20 20 20 20 20 20 20 20 20                   
@6C71C 20 20 20 20 20 20 20 20 20 20 20 20 20 20 20 20                   
@6C72C 20 20 20 20 20 20 20 20 20 20 20 20 20 20 20 20                   
@6C73C 20 20 20 20 20 20 20 20 20 20 20 20 20 20 20 20                   
@6C74C 20 20 20 20 20 20 20 20 20 20 20 20 20 20 20 20                   
@6C75C 20 20 20 20 20 20 20 20 20 20 20 20 20 20 20 20                   
@6C76C 20 20 20 20 20 20 20 20 20 20 20 20 20 20 20 20                   
@6C77C 20 20 20 20 20 20 20 20 20 20 20 20 20 20 20 20                   
@6C78C 20 20 20 20 20 20 20 20 20 20 20 20 20 20 20 20                   
@6C79C 20 20 20 20 20 20 20 20 20 20 20 20                               

Record #64 @002A80
@6C800 20 20 20 20 20 20 20 20 20 20 20 20 20 20 20 20                   
@6C810 20 20 20 20 20 20 20 20 20 20 20 20 20 20 20 20                   
@6C820 20 20 20 20 20 20 20 20 20 20 20 20 20 20 20 20                   
@6C830 20 20 20 20 20 20 20 20 20 20 20 20 20 20 20 20                   
@6C840 20 20 20 20 20 20 20 20 20 20 20 20 20 20 20 20                   
@6C850 20 20 20 20 20 20 20 20 20 20 20 20 20 20 20 20                   
@6C860 20 20 20 20 20 20 20 20 20 20 20 20 20 20 20 20                   
@6C870 20 20 20 20 20 20 20 20 20 20 20 20 20 20 20 20                   
@6C880 20 20 20 20 20 20 20 20 20 20 20 20 20 20 20 20                   
@6C890 20 20 20 20 20 20 20 20 20 20 20 20                               

Record #65 @002B1C
@6C89C 20 20 20 20 20 20 20 20 20 20 20 20 20 20 20 20                   
@6C8AC 20 20 20 20 20 20 20 20 20 20 20 20 20 20 20 20                   
@6C8BC 20 20 20 20 20 20 20 20 20 20 20 20 20 20 20 20                   
@6C8CC 20 20 20 20 20 20 20 20 20 20 20 20 20 20 20 20                   
@6C8DC 20 20 20 20 20 20 20 20 20 20 20 20 20 20 20 20                   
@6C8EC 20 20 20 20 20 20 20 20 20 20 20 20 20 20 20 20                   
@6C8FC 20 20 20 20 20 20 20 20 20 20 20 20 20 20 20 20                   
@6C90C 20 20 20 20 20 20 20 20 20 20 20 20 20 20 20 20                   
@6C91C 20 20 20 20 20 20 20 20 20 20 20 20 20 20 20 20                   
@6C92C 20 20 20 20 20 20 20 20 20 20 20 20                               

Record #66 @002BB8
@6C938 20 20 20 20 20 20 20 20 20 20 20 20 20 20 20 20                   
@6C948 20 20 20 20 20 20 20 20 20 20 20 20 20 20 20 20                   
@6C958 20 20 20 20 20 20 20 20 20 20 20 20 20 20 20 20                   
@6C968 20 20 20 20 20 20 20 20 20 20 20 20 20 20 20 20                   
@6C978 20 20 20 20 20 20 20 20 20 20 20 20 20 20 20 20                   
@6C988 20 20 20 20 20 20 20 20 20 20 20 20 20 20 20 20                   
@6C998 20 20 20 20 20 20 20 20 20 20 20 20 20 20 20 20                   
@6C9A8 20 20 20 20 20 20 20 20 20 20 20 20 20 20 20 20                   
@6C9B8 20 20 20 20 20 20 20 20 20 20 20 20 20 20 20 20                   
@6C9C8 20 20 20 20 20 20 20 20 20 20 20 20                               

Record #67 @002C54
@6C9D4 20 20 20 20 20 20 20 20 20 20 20 20 20 20 20 20                   
@6C9E4 20 20 20 20 20 20 20 20 20 20 20 20 20 20 20 20                   
@6C9F4 20 20 20 20 20 20 20 20 20 20 20 20 20 20 20 20                   
@6CA04 20 20 20 20 20 20 20 20 20 20 20 20 20 20 20 20                   
@6CA14 20 20 20 20 20 20 20 20 20 20 20 20 20 20 20 20                   
@6CA24 20 20 20 20 20 20 20 20 20 20 20 20 20 20 20 20                   
@6CA34 20 20 20 20 20 20 20 20 20 20 20 20 20 20 20 20                   
@6CA44 20 20 20 20 20 20 20 20 20 20 20 20 20 20 20 20                   
@6CA54 20 20 20 20 20 20 20 20 20 20 20 20 20 20 20 20                   
@6CA64 20 20 20 20 20 20 20 20 20 20 20 20                               

Record #68 @002CF0
@6CA70 20 20 20 20 20 20 20 20 20 20 20 20 20 20 20 20                   
@6CA80 20 20 20 20 20 20 20 20 20 20 20 20 20 20 20 20                   
@6CA90 20 20 20 20 20 20 20 20 20 20 20 20 20 20 20 20                   
@6CAA0 20 20 20 20 20 20 20 20 20 20 20 20 20 20 20 20                   
@6CAB0 20 20 20 20 20 20 20 20 20 20 20 20 20 20 20 20                   
@6CAC0 20 20 20 20 20 20 20 20 20 20 20 20 20 20 20 20                   
@6CAD0 20 20 20 20 20 20 20 20 20 20 20 20 20 20 20 20                   
@6CAE0 20 20 20 20 20 20 20 20 20 20 20 20 20 20 20 20                   
@6CAF0 20 20 20 20 20 20 20 20 20 20 20 20 20 20 20 20                   
@6CB00 20 20 20 20 20 20 20 20 20 20 20 20                               

Record #69 @002D8C
@6CB0C 20 20 20 20 20 20 20 20 20 20 20 20 20 20 20 20                   
@6CB1C 20 20 20 20 20 20 20 20 20 20 20 20 20 20 20 20                   
@6CB2C 20 20 20 20 20 20 20 20 20 20 20 20 20 20 20 20                   
@6CB3C 20 20 20 20 20 20 20 20 20 20 20 20 20 20 20 20                   
@6CB4C 20 20 20 20 20 20 20 20 20 20 20 20 20 20 20 20                   
@6CB5C 20 20 20 20 20 20 20 20 20 20 20 20 20 20 20 20                   
@6CB6C 20 20 20 20 20 20 20 20 20 20 20 20 20 20 20 20                   
@6CB7C 20 20 20 20 20 20 20 20 20 20 20 20 20 20 20 20                   
@6CB8C 20 20 20 20 20 20 20 20 20 20 20 20 20 20 20 20                   
@6CB9C 20 20 20 20 20 20 20 20 20 20 20 20                               

Record #70 @002E80
@6CC00 20 20 20 20 20 20 20 20 20 20 20 20 20 20 20 20                   
@6CC10 20 20 20 20 20 20 20 20 20 20 20 20 20 20 20 20                   
@6CC20 20 20 20 20 20 20 20 20 20 20 20 20 20 20 20 20                   
@6CC30 20 20 20 20 20 20 20 20 20 20 20 20 20 20 20 20                   
@6CC40 20 20 20 20 20 20 20 20 20 20 20 20 20 20 20 20                   
@6CC50 20 20 20 20 20 20 20 20 20 20 20 20 20 20 20 20                   
@6CC60 20 20 20 20 20 20 20 20 20 20 20 20 20 20 20 20                   
@6CC70 20 20 20 20 20 20 20 20 20 20 20 20 20 20 20 20                   
@6CC80 20 20 20 20 20 20 20 20 20 20 20 20 20 20 20 20                   
@6CC90 20 20 20 20 20 20 20 20 20 20 20 20                               

Record #71 @002F1C
@6CC9C 20 20 20 20 20 20 20 20 20 20 20 20 20 20 20 20                   
@6CCAC 20 20 20 20 20 20 20 20 20 20 20 20 20 20 20 20                   
@6CCBC 20 20 20 20 20 20 20 20 20 20 20 20 20 20 20 20                   
@6CCCC 20 20 20 20 20 20 20 20 20 20 20 20 20 20 20 20                   
@6CCDC 20 20 20 20 20 20 20 20 20 20 20 20 20 20 20 20                   
@6CCEC 20 20 20 20 20 20 20 20 20 20 20 20 20 20 20 20                   
@6CCFC 20 20 20 20 20 20 20 20 20 20 20 20 20 20 20 20                   
@6CD0C 20 20 20 20 20 20 20 20 20 20 20 20 20 20 20 20                   
@6CD1C 20 20 20 20 20 20 20 20 20 20 20 20 20 20 20 20                   
@6CD2C 20 20 20 20 20 20 20 20 20 20 20 20                               

Record #72 @002FB8
@6CD38 20 20 20 20 20 20 20 20 20 20 20 20 20 20 20 20                   
@6CD48 20 20 20 20 20 20 20 20 20 20 20 20 20 20 20 20                   
@6CD58 20 20 20 20 20 20 20 20 20 20 20 20 20 20 20 20                   
@6CD68 20 20 20 20 20 20 20 20 20 20 20 20 20 20 20 20                   
@6CD78 20 20 20 20 20 20 20 20 20 20 20 20 20 20 20 20                   
@6CD88 20 20 20 20 20 20 20 20 20 20 20 20 20 20 20 20                   
@6CD98 20 20 20 20 20 20 20 20 20 20 20 20 20 20 20 20                   
@6CDA8 20 20 20 20 20 20 20 20 20 20 20 20 20 20 20 20                   
@6CDB8 20 20 20 20 20 20 20 20 20 20 20 20 20 20 20 20                   
@6CDC8 20 20 20 20 20 20 20 20 20 20 20 20                               

Record #73 @003054
@6CDD4 20 20 20 20 20 20 20 20 20 20 20 20 20 20 20 20                   
@6CDE4 20 20 20 20 20 20 20 20 20 20 20 20 20 20 20 20                   
@6CDF4 20 20 20 20 20 20 20 20 20 20 20 20 20 20 20 20                   
@6CE04 20 20 20 20 20 20 20 20 20 20 20 20 20 20 20 20                   
@6CE14 20 20 20 20 20 20 20 20 20 20 20 20 20 20 20 20                   
@6CE24 20 20 20 20 20 20 20 20 20 20 20 20 20 20 20 20                   
@6CE34 20 20 20 20 20 20 20 20 20 20 20 20 20 20 20 20                   
@6CE44 20 20 20 20 20 20 20 20 20 20 20 20 20 20 20 20                   
@6CE54 20 20 20 20 20 20 20 20 20 20 20 20 20 20 20 20                   
@6CE64 20 20 20 20 20 20 20 20 20 20 20 20                               

Record #74 @0030F0
@6CE70 20 20 20 20 20 20 20 20 20 20 20 20 20 20 20 20                   
@6CE80 20 20 20 20 20 20 20 20 20 20 20 20 20 20 20 20                   
@6CE90 20 20 20 20 20 20 20 20 20 20 20 20 20 20 20 20                   
@6CEA0 20 20 20 20 20 20 20 20 20 20 20 20 20 20 20 20                   
@6CEB0 20 20 20 20 20 20 20 20 20 20 20 20 20 20 20 20                   
@6CEC0 20 20 20 20 20 20 20 20 20 20 20 20 20 20 20 20                   
@6CED0 20 20 20 20 20 20 20 20 20 20 20 20 20 20 20 20                   
@6CEE0 20 20 20 20 20 20 20 20 20 20 20 20 20 20 20 20                   
@6CEF0 20 20 20 20 20 20 20 20 20 20 20 20 20 20 20 20                   
@6CF00 20 20 20 20 20 20 20 20 20 20 20 20                               

Record #75 @00318C
@6CF0C 20 20 20 20 20 20 20 20 20 20 20 20 20 20 20 20                   
@6CF1C 20 20 20 20 20 20 20 20 20 20 20 20 20 20 20 20                   
@6CF2C 20 20 20 20 20 20 20 20 20 20 20 20 20 20 20 20                   
@6CF3C 20 20 20 20 20 20 20 20 20 20 20 20 20 20 20 20                   
@6CF4C 20 20 20 20 20 20 20 20 20 20 20 20 20 20 20 20                   
@6CF5C 20 20 20 20 20 20 20 20 20 20 20 20 20 20 20 20                   
@6CF6C 20 20 20 20 20 20 20 20 20 20 20 20 20 20 20 20                   
@6CF7C 20 20 20 20 20 20 20 20 20 20 20 20 20 20 20 20                   
@6CF8C 20 20 20 20 20 20 20 20 20 20 20 20 20 20 20 20                   
@6CF9C 20 20 20 20 20 20 20 20 20 20 20 20                               

Record #76 @003280
@6D000 20 20 20 20 20 20 20 20 20 20 20 20 20 20 20 20                   
@6D010 20 20 20 20 20 20 20 20 20 20 20 20 20 20 20 20                   
@6D020 20 20 20 20 20 20 20 20 20 20 20 20 20 20 20 20                   
@6D030 20 20 20 20 20 20 20 20 20 20 20 20 20 20 20 20                   
@6D040 20 20 20 20 20 20 20 20 20 20 20 20 20 20 20 20                   
@6D050 20 20 20 20 20 20 20 20 20 20 20 20 20 20 20 20                   
@6D060 20 20 20 20 20 20 20 20 20 20 20 20 20 20 20 20                   
@6D070 20 20 20 20 20 20 20 20 20 20 20 20 20 20 20 20                   
@6D080 20 20 20 20 20 20 20 20 20 20 20 20 20 20 20 20                   
@6D090 20 20 20 20 20 20 20 20 20 20 20 20                               

Record #77 @00331C
@6D09C 20 20 20 20 20 20 20 20 20 20 20 20 20 20 20 20                   
@6D0AC 20 20 20 20 20 20 20 20 20 20 20 20 20 20 20 20                   
@6D0BC 20 20 20 20 20 20 20 20 20 20 20 20 20 20 20 20                   
@6D0CC 20 20 20 20 20 20 20 20 20 20 20 20 20 20 20 20                   
@6D0DC 20 20 20 20 20 20 20 20 20 20 20 20 20 20 20 20                   
@6D0EC 20 20 20 20 20 20 20 20 20 20 20 20 20 20 20 20                   
@6D0FC 20 20 20 20 20 20 20 20 20 20 20 20 20 20 20 20                   
@6D10C 20 20 20 20 20 20 20 20 20 20 20 20 20 20 20 20                   
@6D11C 20 20 20 20 20 20 20 20 20 20 20 20 20 20 20 20                   
@6D12C 20 20 20 20 20 20 20 20 20 20 20 20                               

Record #78 @0033B8
@6D138 20 20 20 20 20 20 20 20 20 20 20 20 20 20 20 20                   
@6D148 20 20 20 20 20 20 20 20 20 20 20 20 20 20 20 20                   
@6D158 20 20 20 20 20 20 20 20 20 20 20 20 20 20 20 20                   
@6D168 20 20 20 20 20 20 20 20 20 20 20 20 20 20 20 20                   
@6D178 20 20 20 20 20 20 20 20 20 20 20 20 20 20 20 20                   
@6D188 20 20 20 20 20 20 20 20 20 20 20 20 20 20 20 20                   
@6D198 20 20 20 20 20 20 20 20 20 20 20 20 20 20 20 20                   
@6D1A8 20 20 20 20 20 20 20 20 20 20 20 20 20 20 20 20                   
@6D1B8 20 20 20 20 20 20 20 20 20 20 20 20 20 20 20 20                   
@6D1C8 20 20 20 20 20 20 20 20 20 20 20 20                               

Record #79 @003454
@6D1D4 20 20 20 20 20 20 20 20 20 20 20 20 20 20 20 20                   
@6D1E4 20 20 20 20 20 20 20 20 20 20 20 20 20 20 20 20                   
@6D1F4 20 20 20 20 20 20 20 20 20 20 20 20 20 20 20 20                   
@6D204 20 20 20 20 20 20 20 20 20 20 20 20 20 20 20 20                   
@6D214 20 20 20 20 20 20 20 20 20 20 20 20 20 20 20 20                   
@6D224 20 20 20 20 20 20 20 20 20 20 20 20 20 20 20 20                   
@6D234 20 20 20 20 20 20 20 20 20 20 20 20 20 20 20 20                   
@6D244 20 20 20 20 20 20 20 20 20 20 20 20 20 20 20 20                   
@6D254 20 20 20 20 20 20 20 20 20 20 20 20 20 20 20 20                   
@6D264 20 20 20 20 20 20 20 20 20 20 20 20                               

Record #80 @0034F0
@6D270 20 20 20 20 20 20 20 20 20 20 20 20 20 20 20 20                   
@6D280 20 20 20 20 20 20 20 20 20 20 20 20 20 20 20 20                   
@6D290 20 20 20 20 20 20 20 20 20 20 20 20 20 20 20 20                   
@6D2A0 20 20 20 20 20 20 20 20 20 20 20 20 20 20 20 20                   
@6D2B0 20 20 20 20 20 20 20 20 20 20 20 20 20 20 20 20                   
@6D2C0 20 20 20 20 20 20 20 20 20 20 20 20 20 20 20 20                   
@6D2D0 20 20 20 20 20 20 20 20 20 20 20 20 20 20 20 20                   
@6D2E0 20 20 20 20 20 20 20 20 20 20 20 20 20 20 20 20                   
@6D2F0 20 20 20 20 20 20 20 20 20 20 20 20 20 20 20 20                   
@6D300 20 20 20 20 20 20 20 20 20 20 20 20                               

Record #81 @00358C
@6D30C 20 20 20 20 20 20 20 20 20 20 20 20 20 20 20 20                   
@6D31C 20 20 20 20 20 20 20 20 20 20 20 20 20 20 20 20                   
@6D32C 20 20 20 20 20 20 20 20 20 20 20 20 20 20 20 20                   
@6D33C 20 20 20 20 20 20 20 20 20 20 20 20 20 20 20 20                   
@6D34C 20 20 20 20 20 20 20 20 20 20 20 20 20 20 20 20                   
@6D35C 20 20 20 20 20 20 20 20 20 20 20 20 20 20 20 20                   
@6D36C 20 20 20 20 20 20 20 20 20 20 20 20 20 20 20 20                   
@6D37C 20 20 20 20 20 20 20 20 20 20 20 20 20 20 20 20                   
@6D38C 20 20 20 20 20 20 20 20 20 20 20 20 20 20 20 20                   
@6D39C 20 20 20 20 20 20 20 20 20 20 20 20                               

Record #82 @003680
@6D400 20 20 20 20 20 20 20 20 20 20 20 20 20 20 20 20                   
@6D410 20 20 20 20 20 20 20 20 20 20 20 20 20 20 20 20                   
@6D420 20 20 20 20 20 20 20 20 20 20 20 20 20 20 20 20                   
@6D430 20 20 20 20 20 20 20 20 20 20 20 20 20 20 20 20                   
@6D440 20 20 20 20 20 20 20 20 20 20 20 20 20 20 20 20                   
@6D450 20 20 20 20 20 20 20 20 20 20 20 20 20 20 20 20                   
@6D460 20 20 20 20 20 20 20 20 20 20 20 20 20 20 20 20                   
@6D470 20 20 20 20 20 20 20 20 20 20 20 20 20 20 20 20                   
@6D480 20 20 20 20 20 20 20 20 20 20 20 20 20 20 20 20                   
@6D490 20 20 20 20 20 20 20 20 20 20 20 20                               

Record #83 @00371C
@6D49C 20 20 20 20 20 20 20 20 20 20 20 20 20 20 20 20                   
@6D4AC 20 20 20 20 20 20 20 20 20 20 20 20 20 20 20 20                   
@6D4BC 20 20 20 20 20 20 20 20 20 20 20 20 20 20 20 20                   
@6D4CC 20 20 20 20 20 20 20 20 20 20 20 20 20 20 20 20                   
@6D4DC 20 20 20 20 20 20 20 20 20 20 20 20 20 20 20 20                   
@6D4EC 20 20 20 20 20 20 20 20 20 20 20 20 20 20 20 20                   
@6D4FC 20 20 20 20 20 20 20 20 20 20 20 20 20 20 20 20                   
@6D50C 20 20 20 20 20 20 20 20 20 20 20 20 20 20 20 20                   
@6D51C 20 20 20 20 20 20 20 20 20 20 20 20 20 20 20 20                   
@6D52C 20 20 20 20 20 20 20 20 20 20 20 20                               

Record #84 @0037B8
@6D538 20 20 20 20 20 20 20 20 20 20 20 20 20 20 20 20                   
@6D548 20 20 20 20 20 20 20 20 20 20 20 20 20 20 20 20                   
@6D558 20 20 20 20 20 20 20 20 20 20 20 20 20 20 20 20                   
@6D568 20 20 20 20 20 20 20 20 20 20 20 20 20 20 20 20                   
@6D578 20 20 20 20 20 20 20 20 20 20 20 20 20 20 20 20                   
@6D588 20 20 20 20 20 20 20 20 20 20 20 20 20 20 20 20                   
@6D598 20 20 20 20 20 20 20 20 20 20 20 20 20 20 20 20                   
@6D5A8 20 20 20 20 20 20 20 20 20 20 20 20 20 20 20 20                   
@6D5B8 20 20 20 20 20 20 20 20 20 20 20 20 20 20 20 20                   
@6D5C8 20 20 20 20 20 20 20 20 20 20 20 20                               

Record #85 @003854
@6D5D4 20 20 20 20 20 20 20 20 20 20 20 20 20 20 20 20                   
@6D5E4 20 20 20 20 20 20 20 20 20 20 20 20 20 20 20 20                   
@6D5F4 20 20 20 20 20 20 20 20 20 20 20 20 20 20 20 20                   
@6D604 20 20 20 20 20 20 20 20 20 20 20 20 20 20 20 20                   
@6D614 20 20 20 20 20 20 20 20 20 20 20 20 20 20 20 20                   
@6D624 20 20 20 20 20 20 20 20 20 20 20 20 20 20 20 20                   
@6D634 20 20 20 20 20 20 20 20 20 20 20 20 20 20 20 20                   
@6D644 20 20 20 20 20 20 20 20 20 20 20 20 20 20 20 20                   
@6D654 20 20 20 20 20 20 20 20 20 20 20 20 20 20 20 20                   
@6D664 20 20 20 20 20 20 20 20 20 20 20 20                               

Record #86 @0038F0
@6D670 20 20 20 20 20 20 20 20 20 20 20 20 20 20 20 20                   
@6D680 20 20 20 20 20 20 20 20 20 20 20 20 20 20 20 20                   
@6D690 20 20 20 20 20 20 20 20 20 20 20 20 20 20 20 20                   
@6D6A0 20 20 20 20 20 20 20 20 20 20 20 20 20 20 20 20                   
@6D6B0 20 20 20 20 20 20 20 20 20 20 20 20 20 20 20 20                   
@6D6C0 20 20 20 20 20 20 20 20 20 20 20 20 20 20 20 20                   
@6D6D0 20 20 20 20 20 20 20 20 20 20 20 20 20 20 20 20                   
@6D6E0 20 20 20 20 20 20 20 20 20 20 20 20 20 20 20 20                   
@6D6F0 20 20 20 20 20 20 20 20 20 20 20 20 20 20 20 20                   
@6D700 20 20 20 20 20 20 20 20 20 20 20 20                               

Record #87 @00398C
@6D70C 20 20 20 20 20 20 20 20 20 20 20 20 20 20 20 20                   
@6D71C 20 20 20 20 20 20 20 20 20 20 20 20 20 20 20 20                   
@6D72C 20 20 20 20 20 20 20 20 20 20 20 20 20 20 20 20                   
@6D73C 20 20 20 20 20 20 20 20 20 20 20 20 20 20 20 20                   
@6D74C 20 20 20 20 20 20 20 20 20 20 20 20 20 20 20 20                   
@6D75C 20 20 20 20 20 20 20 20 20 20 20 20 20 20 20 20                   
@6D76C 20 20 20 20 20 20 20 20 20 20 20 20 20 20 20 20                   
@6D77C 20 20 20 20 20 20 20 20 20 20 20 20 20 20 20 20                   
@6D78C 20 20 20 20 20 20 20 20 20 20 20 20 20 20 20 20                   
@6D79C 20 20 20 20 20 20 20 20 20 20 20 20                               

Record #88 @003A80
@6D800 20 20 20 20 20 20 20 20 20 20 20 20 20 20 20 20                   
@6D810 20 20 20 20 20 20 20 20 20 20 20 20 20 20 20 20                   
@6D820 20 20 20 20 20 20 20 20 20 20 20 20 20 20 20 20                   
@6D830 20 20 20 20 20 20 20 20 20 20 20 20 20 20 20 20                   
@6D840 20 20 20 20 20 20 20 20 20 20 20 20 20 20 20 20                   
@6D850 20 20 20 20 20 20 20 20 20 20 20 20 20 20 20 20                   
@6D860 20 20 20 20 20 20 20 20 20 20 20 20 20 20 20 20                   
@6D870 20 20 20 20 20 20 20 20 20 20 20 20 20 20 20 20                   
@6D880 20 20 20 20 20 20 20 20 20 20 20 20 20 20 20 20                   
@6D890 20 20 20 20 20 20 20 20 20 20 20 20                               

Record #89 @003B1C
@6D89C 20 20 20 20 20 20 20 20 20 20 20 20 20 20 20 20                   
@6D8AC 20 20 20 20 20 20 20 20 20 20 20 20 20 20 20 20                   
@6D8BC 20 20 20 20 20 20 20 20 20 20 20 20 20 20 20 20                   
@6D8CC 20 20 20 20 20 20 20 20 20 20 20 20 20 20 20 20                   
@6D8DC 20 20 20 20 20 20 20 20 20 20 20 20 20 20 20 20                   
@6D8EC 20 20 20 20 20 20 20 20 20 20 20 20 20 20 20 20                   
@6D8FC 20 20 20 20 20 20 20 20 20 20 20 20 20 20 20 20                   
@6D90C 20 20 20 20 20 20 20 20 20 20 20 20 20 20 20 20                   
@6D91C 20 20 20 20 20 20 20 20 20 20 20 20 20 20 20 20                   
@6D92C 20 20 20 20 20 20 20 20 20 20 20 20                               

Record #90 @003BB8
@6D938 20 20 20 20 20 20 20 20 20 20 20 20 20 20 20 20                   
@6D948 20 20 20 20 20 20 20 20 20 20 20 20 20 20 20 20                   
@6D958 20 20 20 20 20 20 20 20 20 20 20 20 20 20 20 20                   
@6D968 20 20 20 20 20 20 20 20 20 20 20 20 20 20 20 20                   
@6D978 20 20 20 20 20 20 20 20 20 20 20 20 20 20 20 20                   
@6D988 20 20 20 20 20 20 20 20 20 20 20 20 20 20 20 20                   
@6D998 20 20 20 20 20 20 20 20 20 20 20 20 20 20 20 20                   
@6D9A8 20 20 20 20 20 20 20 20 20 20 20 20 20 20 20 20                   
@6D9B8 20 20 20 20 20 20 20 20 20 20 20 20 20 20 20 20                   
@6D9C8 20 20 20 20 20 20 20 20 20 20 20 20                               

Record #91 @003C54
@6D9D4 20 20 20 20 20 20 20 20 20 20 20 20 20 20 20 20                   
@6D9E4 20 20 20 20 20 20 20 20 20 20 20 20 20 20 20 20                   
@6D9F4 20 20 20 20 20 20 20 20 20 20 20 20 20 20 20 20                   
@6DA04 20 20 20 20 20 20 20 20 20 20 20 20 20 20 20 20                   
@6DA14 20 20 20 20 20 20 20 20 20 20 20 20 20 20 20 20                   
@6DA24 20 20 20 20 20 20 20 20 20 20 20 20 20 20 20 20                   
@6DA34 20 20 20 20 20 20 20 20 20 20 20 20 20 20 20 20                   
@6DA44 20 20 20 20 20 20 20 20 20 20 20 20 20 20 20 20                   
@6DA54 20 20 20 20 20 20 20 20 20 20 20 20 20 20 20 20                   
@6DA64 20 20 20 20 20 20 20 20 20 20 20 20                               

Record #92 @003CF0
@6DA70 20 20 20 20 20 20 20 20 20 20 20 20 20 20 20 20                   
@6DA80 20 20 20 20 20 20 20 20 20 20 20 20 20 20 20 20                   
@6DA90 20 20 20 20 20 20 20 20 20 20 20 20 20 20 20 20                   
@6DAA0 20 20 20 20 20 20 20 20 20 20 20 20 20 20 20 20                   
@6DAB0 20 20 20 20 20 20 20 20 20 20 20 20 20 20 20 20                   
@6DAC0 20 20 20 20 20 20 20 20 20 20 20 20 20 20 20 20                   
@6DAD0 20 20 20 20 20 20 20 20 20 20 20 20 20 20 20 20                   
@6DAE0 20 20 20 20 20 20 20 20 20 20 20 20 20 20 20 20                   
@6DAF0 20 20 20 20 20 20 20 20 20 20 20 20 20 20 20 20                   
@6DB00 20 20 20 20 20 20 20 20 20 20 20 20                               

Record #93 @003D8C
@6DB0C 20 20 20 20 20 20 20 20 20 20 20 20 20 20 20 20                   
@6DB1C 20 20 20 20 20 20 20 20 20 20 20 20 20 20 20 20                   
@6DB2C 20 20 20 20 20 20 20 20 20 20 20 20 20 20 20 20                   
@6DB3C 20 20 20 20 20 20 20 20 20 20 20 20 20 20 20 20                   
@6DB4C 20 20 20 20 20 20 20 20 20 20 20 20 20 20 20 20                   
@6DB5C 20 20 20 20 20 20 20 20 20 20 20 20 20 20 20 20                   
@6DB6C 20 20 20 20 20 20 20 20 20 20 20 20 20 20 20 20                   
@6DB7C 20 20 20 20 20 20 20 20 20 20 20 20 20 20 20 20                   
@6DB8C 20 20 20 20 20 20 20 20 20 20 20 20 20 20 20 20                   
@6DB9C 20 20 20 20 20 20 20 20 20 20 20 20                               

Record #94 @003E80
@6DC00 20 20 20 20 20 20 20 20 20 20 20 20 20 20 20 20                   
@6DC10 20 20 20 20 20 20 20 20 20 20 20 20 20 20 20 20                   
@6DC20 20 20 20 20 20 20 20 20 20 20 20 20 20 20 20 20                   
@6DC30 20 20 20 20 20 20 20 20 20 20 20 20 20 20 20 20                   
@6DC40 20 20 20 20 20 20 20 20 20 20 20 20 20 20 20 20                   
@6DC50 20 20 20 20 20 20 20 20 20 20 20 20 20 20 20 20                   
@6DC60 20 20 20 20 20 20 20 20 20 20 20 20 20 20 20 20                   
@6DC70 20 20 20 20 20 20 20 20 20 20 20 20 20 20 20 20                   
@6DC80 20 20 20 20 20 20 20 20 20 20 20 20 20 20 20 20                   
@6DC90 20 20 20 20 20 20 20 20 20 20 20 20                               

Record #95 @003F1C
@6DC9C 20 20 20 20 20 20 20 20 20 20 20 20 20 20 20 20                   
@6DCAC 20 20 20 20 20 20 20 20 20 20 20 20 20 20 20 20                   
@6DCBC 20 20 20 20 20 20 20 20 20 20 20 20 20 20 20 20                   
@6DCCC 20 20 20 20 20 20 20 20 20 20 20 20 20 20 20 20                   
@6DCDC 20 20 20 20 20 20 20 20 20 20 20 20 20 20 20 20                   
@6DCEC 20 20 20 20 20 20 20 20 20 20 20 20 20 20 20 20                   
@6DCFC 20 20 20 20 20 20 20 20 20 20 20 20 20 20 20 20                   
@6DD0C 20 20 20 20 20 20 20 20 20 20 20 20 20 20 20 20                   
@6DD1C 20 20 20 20 20 20 20 20 20 20 20 20 20 20 20 20                   
@6DD2C 20 20 20 20 20 20 20 20 20 20 20 20                               

Record #96 @003FB8
@6DD38 20 20 20 20 20 20 20 20 20 20 20 20 20 20 20 20                   
@6DD48 20 20 20 20 20 20 20 20 20 20 20 20 20 20 20 20                   
@6DD58 20 20 20 20 20 20 20 20 20 20 20 20 20 20 20 20                   
@6DD68 20 20 20 20 20 20 20 20 20 20 20 20 20 20 20 20                   
@6DD78 20 20 20 20 20 20 20 20 20 20 20 20 20 20 20 20                   
@6DD88 20 20 20 20 20 20 20 20 20 20 20 20 20 20 20 20                   
@6DD98 20 20 20 20 20 20 20 20 20 20 20 20 20 20 20 20                   
@6DDA8 20 20 20 20 20 20 20 20 20 20 20 20 20 20 20 20                   
@6DDB8 20 20 20 20 20 20 20 20 20 20 20 20 20 20 20 20                   
@6DDC8 20 20 20 20 20 20 20 20 20 20 20 20                               

Record #97 @004054
@6DDD4 20 20 20 20 20 20 20 20 20 20 20 20 20 20 20 20                   
@6DDE4 20 20 20 20 20 20 20 20 20 20 20 20 20 20 20 20                   
@6DDF4 20 20 20 20 20 20 20 20 20 20 20 20 20 20 20 20                   
@6DE04 20 20 20 20 20 20 20 20 20 20 20 20 20 20 20 20                   
@6DE14 20 20 20 20 20 20 20 20 20 20 20 20 20 20 20 20                   
@6DE24 20 20 20 20 20 20 20 20 20 20 20 20 20 20 20 20                   
@6DE34 20 20 20 20 20 20 20 20 20 20 20 20 20 20 20 20                   
@6DE44 20 20 20 20 20 20 20 20 20 20 20 20 20 20 20 20                   
@6DE54 20 20 20 20 20 20 20 20 20 20 20 20 20 20 20 20                   
@6DE64 20 20 20 20 20 20 20 20 20 20 20 20                               

Record #98 @0040F0
@6DE70 20 20 20 20 20 20 20 20 20 20 20 20 20 20 20 20                   
@6DE80 20 20 20 20 20 20 20 20 20 20 20 20 20 20 20 20                   
@6DE90 20 20 20 20 20 20 20 20 20 20 20 20 20 20 20 20                   
@6DEA0 20 20 20 20 20 20 20 20 20 20 20 20 20 20 20 20                   
@6DEB0 20 20 20 20 20 20 20 20 20 20 20 20 20 20 20 20                   
@6DEC0 20 20 20 20 20 20 20 20 20 20 20 20 20 20 20 20                   
@6DED0 20 20 20 20 20 20 20 20 20 20 20 20 20 20 20 20                   
@6DEE0 20 20 20 20 20 20 20 20 20 20 20 20 20 20 20 20                   
@6DEF0 20 20 20 20 20 20 20 20 20 20 20 20 20 20 20 20                   
@6DF00 20 20 20 20 20 20 20 20 20 20 20 20                               

Record #99 @00418C
@6DF0C 20 20 20 20 20 20 20 20 20 20 20 20 20 20 20 20                   
@6DF1C 20 20 20 20 20 20 20 20 20 20 20 20 20 20 20 20                   
@6DF2C 20 20 20 20 20 20 20 20 20 20 20 20 20 20 20 20                   
@6DF3C 20 20 20 20 20 20 20 20 20 20 20 20 20 20 20 20                   
@6DF4C 20 20 20 20 20 20 20 20 20 20 20 20 20 20 20 20                   
@6DF5C 20 20 20 20 20 20 20 20 20 20 20 20 20 20 20 20                   
@6DF6C 20 20 20 20 20 20 20 20 20 20 20 20 20 20 20 20                   
@6DF7C 20 20 20 20 20 20 20 20 20 20 20 20 20 20 20 20                   
@6DF8C 20 20 20 20 20 20 20 20 20 20 20 20 20 20 20 20                   
@6DF9C 20 20 20 20 20 20 20 20 20 20 20 20                               

